    sentiment
0    0.069123
1    0.241628
2    0.000000
3    0.185535
4    0.210149
5    0.091691
6    0.099171
7    0.000000
8    0.180141
9    0.158255
10   0.088733
11   0.157348
12   0.157677
13   0.158799
14   0.116817
15   0.156421
16   0.238589
17   0.000000
18   0.000000
19   0.000000
20   0.000000
21   0.096680
22   0.111864
23   0.055516
24   0.181945
25   0.122102
26   0.076358
27   0.156002
28   0.244444
29   0.134533
30   0.071876
31   0.139481
32   0.175293
33   0.160226
34   0.160124
35   0.158601
36   0.159116
37   0.159437
38   0.159148
39   0.159708
40   0.159403
41   0.147254
42   0.139481
43   0.139481
44   0.160118
45   0.158137
46   0.158463
47   0.158153
48   0.158532
49   0.169090
50   0.157707
51   0.158751
52   0.159645
53   0.159597
54   0.161180
55   0.159337
56   0.020891
57   0.139481
58   0.139481
59   0.150088
60   0.064167
61   0.141409
62   0.132730
63   0.020891
64   0.041887
65   0.041887
66   0.083137
67   0.181723
68   0.086208
69   0.171651
70   0.000000
71   0.000000
72   0.054675
73   0.006015
74   0.055303
75   0.183470
76   0.000000
77   0.115677
78   0.170693
79   0.091264
80  -0.060119
81   0.085357
82   0.085870
83   0.084927
84  -0.061806
85   0.128180
86   0.050697
87   0.109953
88   0.187726
89   0.085177
90   0.105354
91   0.198768
92   0.173120